Name,Email,Phone
vaibhav Mashal,vaibhavmashal@gmail.com,9090909090
